date,seqNo,open,close,high,low,volume,amount
20170524,1,279600,270400,279600,270400,2912000,79652395.2800
20170524,2,270400,270500,276700,270400,3344529,90674753.5200
20170524,3,270500,276900,279100,270400,847200,23245004.0000
20170524,4,277500,281900,282000,272700,706200,19525774.0000
20170524,5,281900,278000,283000,278000,858800,24143714.0000
20170524,6,278000,281600,284400,277000,521452,14693734.5600
20170524,7,282200,281600,282500,279300,342500,9624834.0000
20170524,8,281800,280800,282300,278000,331000,9274302.0000
20170524,9,280800,280000,281800,278000,268040,7493147.3000
20170524,10,280200,284500,285900,280000,366900,10412982.0000
20170524,11,284900,288500,288700,283800,431800,12315064.0000
20170524,12,288700,292200,292200,286200,450050,13003134.0000
20170524,13,292300,296000,299500,292200,565150,16762741.0000
20170524,14,295600,294500,296200,292800,291000,8578805.0000
20170524,15,294500,290300,294500,289100,320200,9318949.0000
20170524,16,290500,291500,292700,290300,169200,4934115.0000
20170524,17,291500,292200,292200,287900,257000,7452739.0000
20170524,18,292100,289000,292300,288900,203100,5890302.6800
20170524,19,288900,290500,292000,288200,99056,2873925.4000
20170524,20,290600,292000,294600,290500,157702,4617184.3600
20170524,21,293000,292000,293700,290600,103800,3035725.0000
20170524,22,291800,292000,292000,290500,78992,2300293.6000
20170524,23,292100,293700,296000,292100,209400,6164826.4400
20170524,24,293700,293000,293700,292000,76200,2229731.0000
20170524,25,292300,288300,293000,288300,118608,3447555.5600
20170524,26,288500,289000,290700,287900,105992,3059361.1200
20170524,27,289000,287700,289000,286800,159000,4572888.1200
20170524,28,287700,287000,287700,284200,226800,6485143.3200
20170524,29,287000,287000,289200,286000,159253,4576545.3300
20170524,30,288000,288000,289800,286300,134300,3874318.0000
20170524,31,288500,288200,290000,288000,84200,2435369.0000
20170524,32,288200,287700,289200,287100,98600,2840416.0000
20170524,33,287500,290000,290000,287500,84600,2439794.0000
20170524,34,290200,284000,291100,283300,178174,5102680.6000
20170524,35,284100,287600,288000,283500,168600,4810368.3000
20170524,36,287800,288000,288600,286000,80600,2317864.0000
20170524,37,288000,290200,292800,288000,185200,5387286.0000
20170524,38,290200,288800,290500,288800,125500,3634719.0000
20170524,39,288800,288100,289500,286800,97500,2805831.8800
20170524,40,289500,290900,291000,288200,113357,3288856.7200
20170524,41,290900,289000,290900,288300,142543,4137164.2900
20170524,42,289100,294700,294700,289000,185550,5405044.0000
20170524,43,294600,293600,295100,292900,325700,9592302.0000
20170524,44,293600,292300,293800,291300,234800,6872336.0000
20170524,45,292300,289000,292600,287800,350000,10162929.6400
20170524,46,289000,290000,291500,288900,348900,10143836.8400
20170524,47,290000,293000,293000,288500,480200,13945101.0000
20170524,48,292800,294100,294400,292000,961756,28206991.0100
20170623,1,269900,271300,271700,268900,567753,15348100.9700
20170623,2,271500,269900,271500,269200,357700,9661208.0000
20170623,3,269900,271400,271600,269900,176700,4779873.0000
20170623,4,271300,272600,272700,270800,116800,3170089.0000
20170623,5,272500,272400,272700,271800,119800,3261712.0000
20170623,6,272700,273300,273300,272400,85878,2341514.6100
20170623,7,273400,274000,275500,273400,118100,3239454.0000
20170623,8,274100,273000,274200,273000,82200,2249707.0000
20170623,9,272900,272900,273800,272700,58200,1589133.0000
20170623,10,272800,273800,273900,272700,59500,1626400.0000
20170623,11,273800,273300,273900,272800,70000,1912910.0000
20170623,12,273500,272600,273500,272600,47500,1297072.0000
20170623,13,272700,272900,273100,272600,30900,842853.0000
20170623,14,272900,272900,273000,272500,45400,1238347.0000
20170623,15,273000,272600,273100,272500,63400,1729582.0000
20170623,16,272600,272600,272800,272200,48000,1307765.0000
20170623,17,272600,272500,273100,272400,43800,1194584.0000
20170623,18,272600,273000,273000,272300,39650,1080464.0000
20170623,19,272900,273100,273100,272900,31800,868108.0000
20170623,20,273000,271900,273100,271900,94050,2560593.0000
20170623,21,271900,270700,272000,270400,159900,4336049.0000
20170623,22,270800,269800,271000,269600,196800,5318154.0000
20170623,23,269700,269600,270000,269200,184400,4972048.0000
20170623,24,269500,266500,269700,266100,299200,8017393.0000
20170623,25,266300,266800,266900,265200,315013,8380503.2500
20170623,26,266800,267100,267900,266300,97800,2610796.0000
20170623,27,267100,267500,267500,265900,134950,3596234.8600
20170623,28,267500,266800,267700,266800,61750,1650170.0000
20170623,29,266800,267300,267500,266400,53600,1430475.0000
20170623,30,267200,267500,268000,267100,70602,1888612.5000
20170623,31,267600,267400,268300,267400,60200,1611589.0000
20170623,32,267300,266200,267400,265900,154600,4117763.2900
20170623,33,266300,266300,266700,266100,106800,2843506.0000
20170623,34,266500,263600,266500,263400,320500,8488886.0000
20170623,35,263600,266000,266000,263600,172756,4574051.2800
20170623,36,266000,265500,266300,265300,85100,2262773.0000
20170623,37,265900,266000,266300,265500,63796,1696467.6800
20170623,38,266000,265700,266200,265400,75704,2011726.3200
20170623,39,265600,264300,265600,264100,93500,2475751.0000
20170623,40,264300,267600,267600,264200,115200,3059028.0000
20170623,41,267700,266600,268000,266300,69700,1862421.0000
20170623,42,266600,268100,268300,266600,137152,3672590.8800
20170623,43,268000,267500,268300,267500,133100,3567259.0000
20170623,44,267200,268700,268700,266900,102600,2743740.0000
20170623,45,268800,269700,270000,268700,120300,3242445.4000
20170623,46,269700,269500,269800,269200,106000,2858084.0000
20170623,47,269500,270400,270400,269200,183650,4951873.0000
20170623,48,270300,270300,270600,269600,259200,7002905.0000
20170606,1,286100,285300,287800,283000,1325762,37878388.3600
20170606,2,285800,288400,289500,285200,483852,13924647.0200
20170606,3,288400,287100,288800,286000,369950,10634450.0000
20170606,4,287000,287600,288700,286000,388700,11154605.0000
20170606,5,288000,288200,288600,286900,241170,6933591.2000
20170606,6,288200,285800,288300,285000,487463,13942495.1500
20170606,7,285800,284400,285900,282200,675730,19176579.8300
20170606,8,284400,285200,285900,283500,293671,8349031.1400
20170606,9,284800,285000,285500,284400,142800,4070144.4000
20170606,10,285000,287500,288100,285000,213172,6103083.0400
20170606,11,287000,287800,287900,286800,158722,4563484.7200
20170606,12,287500,288600,288600,287300,173600,5001394.0000
20170606,13,288500,287200,288500,286200,95000,2729243.0000
20170606,14,287100,285600,287900,285200,144200,4128725.0000
20170606,15,285600,287000,287100,285500,152200,4352848.0000
20170606,16,287000,287000,287100,286500,88500,2539076.0000
20170606,17,287100,286400,288100,285800,185900,5328711.0000
20170606,18,286200,285400,286400,285000,230200,6571580.9600
20170606,19,285400,287700,288000,285300,168244,4827477.6000
20170606,20,287700,287400,287900,286800,99344,2854565.0400
20170606,21,287600,287800,288100,287000,109200,3140726.0000
20170606,22,287900,289000,290000,287500,271052,7824455.6000
20170606,23,289100,287200,289300,287100,126100,3638835.3400
20170606,24,287200,287500,287900,287000,89800,2579560.0000
20170606,25,287300,286800,287500,286800,66600,1913079.0000
20170606,26,286800,287000,287400,286200,61500,1764649.9600
20170606,27,286900,286800,286900,286400,76752,2199641.2800
20170606,28,286800,287700,287700,286800,46852,1346099.4000
20170606,29,287500,287800,287900,287500,53500,1539481.0000
20170606,30,287700,288000,288000,287100,91900,2643958.0000
20170606,31,288000,288100,289000,287700,143700,4143440.0000
20170606,32,288200,290400,291200,288100,212400,6162729.7800
20170606,33,290400,289400,290500,288800,101600,2941436.0000
20170606,34,289300,289300,289500,288500,85722,2477413.8000
20170606,35,289200,288900,289500,288700,99200,2867961.0000
20170606,36,288900,288200,288900,287300,110400,3178780.0000
20170606,37,288200,287300,288500,286700,159300,4575788.0000
20170606,38,287300,286400,287900,286400,122082,3505884.4800
20170606,39,286400,286900,287200,286400,109900,3151875.0000
20170606,40,286900,287900,289000,286800,95400,2746233.0000
20170606,41,287900,286700,287900,286700,133000,3822249.0000
20170606,42,286700,285000,286700,283600,422881,12036156.0500
20170606,43,285000,283200,285800,282600,416903,11838910.4100
20170606,44,283300,280300,283900,280100,723800,20418439.5200
20170606,45,280100,282600,282600,279500,631394,17725779.7600
20170606,46,282600,284300,284500,282500,265600,7530372.0000
20170606,47,284400,286100,286500,283400,261797,7453290.6500
20170606,48,286100,288500,288500,286000,597095,17156395.8400
20170607,1,288500,292100,292100,288200,526213,15219024.4400
20170607,2,292100,293700,294900,291000,767807,22520322.4200
20170607,3,293700,296200,296300,293000,669456,19705083.1600
20170607,4,296200,294500,296300,293900,706144,20870274.5400
20170607,5,294500,294700,294800,293200,299200,8800653.4200
20170607,6,294600,295000,296100,294300,364200,10754833.3600
20170607,7,295000,294800,295300,293900,355200,10466579.0000
20170607,8,294700,295400,296000,294500,276300,8160182.0000
20170607,9,295200,295400,295600,294400,234000,6904457.0000
20170607,10,295400,296800,296800,294900,420173,12424865.4300
20170607,11,296800,297000,298800,296600,594500,17701070.0000
20170607,12,297100,298600,299200,296300,525500,15668602.0000
20170607,13,298600,299800,300800,298100,627566,18798246.7600
20170607,14,299800,299500,300000,298600,252186,7547245.5400
20170607,15,299200,297500,299200,297300,280914,8379964.4600
20170607,16,297400,298000,298600,297200,191100,5693028.0000
20170607,17,298200,297300,298200,296400,177200,5266329.0000
20170607,18,297400,296800,297500,296600,201800,5992284.0000
20170607,19,296600,298600,299500,296300,227700,6766858.8000
20170607,20,298700,300500,300500,298600,564200,16920092.7200
20170607,21,300500,301000,301000,298000,403954,12118278.7000
20170607,22,300900,302500,304700,300900,757140,22958257.0000
20170607,23,302500,301800,303500,301800,217100,6565349.0000
20170607,24,301800,301800,302200,301100,227652,6868769.7200
20170607,25,301800,304700,304700,301800,385644,11704032.1000
20170607,26,304500,303700,304700,302900,211000,6411593.8400
20170607,27,303800,305800,306000,303700,442272,13493400.0200
20170607,28,305900,304700,305900,304200,174400,5315983.0000
20170607,29,304700,303500,305000,303500,150200,4572438.0000
20170607,30,303500,302700,303500,302600,206300,6250139.0000
20170607,31,302600,303000,303500,301500,280652,8484382.2800
20170607,32,303000,305000,305200,302500,277352,8428846.1600
20170607,33,304900,304600,304900,303100,144700,4396234.9600
20170607,34,304600,302700,304700,302500,243848,7401618.8800
20170607,35,302800,303900,304900,302600,220152,6689498.6000
20170607,36,304100,307700,308000,303900,680500,20825771.0000
20170607,37,307700,311900,313800,305500,967946,30013266.3400
20170607,38,311900,308400,311900,308200,424526,13160064.5000
20170607,39,308300,308900,310600,308200,243700,7535343.0000
20170607,40,308900,309500,309800,308100,156951,4842350.3300
20170607,41,309500,306600,309500,306000,228349,7026514.6700
20170607,42,306500,305500,307700,304800,287600,8795471.0000
20170607,43,305500,307700,307800,305100,206600,6330848.5400
20170607,44,307700,308000,308000,305400,234700,7199301.0000
20170607,45,308100,306800,308500,306000,202200,6198198.9800
20170607,46,306900,305600,307200,305500,356400,10919118.0000
20170607,47,306000,308800,309000,305700,394360,12123999.7100
20170607,48,308700,309400,309500,307100,768150,23707785.1400
20170608,1,304400,305600,308500,303000,1136683,34725652.6800
20170608,2,305500,303600,305600,301300,895252,27160284.0400
20170608,3,303500,305700,306000,302200,640517,19452397.9000
20170608,4,305700,303500,305900,303500,515983,15711968.8200
20170608,5,303700,303100,303800,302200,445970,13502225.4200
20170608,6,303000,305000,305500,302800,264500,8039083.0000
20170608,7,305000,303000,305000,302800,321800,9769321.0000
20170608,8,303100,304000,304200,302800,285536,8660884.6000
20170608,9,304400,304900,305800,304100,250200,7629325.0000
20170608,10,304900,303600,305000,303000,268700,8168496.4800
20170608,11,303900,305200,305500,303400,295700,8998082.0000
20170608,12,305200,305200,306800,305000,256800,7858795.0000
20170608,13,305100,305200,306300,305000,212000,6478829.0000
20170608,14,305300,306400,306500,305200,184000,5629082.0000
20170608,15,306200,303700,306400,302900,358500,10899998.0000
20170608,16,303900,303900,304700,303300,122000,3708891.0000
20170608,17,303900,304500,304800,303100,168773,5131218.8500
20170608,18,304700,304100,305000,303400,190927,5808730.9600
20170608,19,303900,304300,304300,303500,164973,5013505.3900
20170608,20,304300,305600,306400,304000,181500,5543963.3500
20170608,21,305600,305100,305800,305000,129300,3949016.0000
20170608,22,305100,305100,305800,304900,178400,5446374.2400
20170608,23,305100,303800,305100,303800,140600,4279781.0000
20170608,24,303800,304200,304300,303000,241300,7322395.0000
20170608,25,304200,303700,305000,303500,141300,4298037.7000
20170608,26,303700,303400,303700,303000,143300,4345586.0000
20170608,27,303500,303800,304100,303400,105100,3193485.0000
20170608,28,303700,303400,303900,303100,130174,3949646.2000
20170608,29,303400,302800,303500,302700,216026,6546527.0600
20170608,30,302700,301100,303100,301100,441500,13349532.8600
20170608,31,301100,302500,302500,300000,427107,12863115.0000
20170608,32,302500,301100,302600,301000,185700,5608247.0000
20170608,33,301100,301900,302500,300800,216414,6529792.1200
20170608,34,301900,300800,302100,300500,228600,6887420.7200
20170608,35,300900,298500,301000,298400,568286,17046297.8000
20170608,36,298500,299800,299900,298100,546600,16335219.0000
20170608,37,299800,300900,301200,298500,250664,7506633.1200
20170608,38,300900,298900,300900,298500,328630,9831041.6400
20170608,39,298900,299600,300100,298500,213400,6388800.0000
20170608,40,299600,300000,300900,299200,164900,4947607.7600
20170608,41,300000,301500,302000,299800,207215,6241025.8000
20170608,42,301500,301800,302500,301500,309600,9353029.9400
20170608,43,301800,302000,302600,300900,194600,5870483.7000
20170608,44,302000,304000,304000,301600,302646,9168684.8000
20170608,45,303900,303200,304000,302800,224400,6804245.0000
20170608,46,303100,301500,303200,301400,315400,9533460.0000
20170608,47,301400,301200,301700,301000,412372,12423671.2000
20170608,48,301200,301900,302400,301100,567440,17106489.2400
20170609,1,298700,302300,302700,298600,410300,12318015.0000
20170609,2,302300,302900,304200,301600,501222,15185028.1800
20170609,3,302900,300000,303100,299900,357500,10783146.1600
20170609,4,300000,299700,301000,299100,319734,9593781.2500
20170609,5,299800,297200,301000,295800,469966,14005613.0600
20170609,6,297500,297000,298300,297000,350700,10436152.0000
20170609,7,296900,295200,297000,295100,561000,16596675.1800
20170609,8,295100,293200,295200,291000,595700,17467207.0000
20170609,9,293300,294000,294700,293000,238732,7012809.8800
20170609,10,294000,292800,294300,292400,233300,6843516.7200
20170609,11,292800,294800,296700,292800,248397,7324410.1600
20170609,12,294900,294300,295700,294000,170600,5030951.0000
20170609,13,294300,294200,295000,293800,95000,2798007.0000
20170609,14,294300,292600,294700,291800,261403,7652593.8400
20170609,15,293000,295000,296700,293000,156064,4601607.1000
20170609,16,295000,296600,297500,295000,152697,4524863.5900
20170609,17,296600,298400,298500,296300,159815,4751348.0000
20170609,18,298400,297600,298700,297300,240100,7155858.0000
20170609,19,297600,299500,300800,297600,222400,6660566.2600
20170609,20,299000,300000,301200,298600,187300,5624553.0000
20170609,21,299900,298500,300000,298000,89400,2672554.0000
20170609,22,298500,298400,299600,298200,75900,2267613.0000
20170609,23,298300,297600,298600,297500,56100,1672429.0000
20170609,24,297700,297700,298100,297200,54900,1634032.0000
20170609,25,297700,298000,298600,297600,52400,1560605.0000
20170609,26,298200,297300,298600,297300,54500,1622137.0000
20170609,27,297200,297200,297200,295300,79700,2361886.0000
20170609,28,297200,299000,299100,296500,59100,1757461.0000
20170609,29,299000,299100,299600,298300,78700,2353900.0000
20170609,30,299200,298500,299800,298200,91600,2742150.0000
20170609,31,298300,298800,299000,296800,95900,2856316.0000
20170609,32,298800,298500,299200,297500,98450,2940722.5000
20170609,33,298400,301800,302000,298300,195900,5882897.0000
20170609,34,301900,303600,303600,301900,559100,16936152.8400
20170609,35,303500,304300,304900,303300,553072,16827662.4800
20170609,36,304500,306300,308500,304300,787800,24148868.0000
20170609,37,306000,307700,308400,306000,484974,14909343.5000
20170609,38,308000,307000,308100,305600,301900,9261990.0000
20170609,39,306900,306300,307800,306300,388700,11944736.0000
20170609,40,306300,306800,307700,306100,299850,9208855.0000
20170609,41,306900,310800,311800,306500,943194,29167698.2000
20170609,42,311000,309200,311000,309000,498600,15455127.0000
20170609,43,309200,309300,309900,308800,313394,9697182.4000
20170609,44,309300,309600,309700,308100,496300,15342371.0000
20170609,45,309600,308800,310200,308100,460446,14234230.1000
20170609,46,308600,309000,309100,308200,509100,15722388.0000
20170609,47,309100,308900,311000,308300,695900,21554878.9800
20170609,48,308800,310400,310500,308800,1083502,33577263.3800
20170612,1,304000,304500,306500,302800,780100,23759018.0000
20170612,2,304500,303700,304500,300100,506269,15311140.3500
20170612,3,303600,303000,303800,301600,333422,10090660.5800
20170612,4,303100,301000,303400,299000,571599,17186202.0900
20170612,5,301000,302300,303000,300200,267638,8072443.6000
20170612,6,302300,303500,303700,302200,166340,5036295.4000
20170612,7,303600,303800,304300,302900,191800,5824092.0000
20170612,8,303700,304600,304700,303000,196800,5979286.0000
20170612,9,304600,301800,304600,301800,145900,4425432.0000
20170612,10,301800,301600,302800,301000,149200,4501164.0000
20170612,11,301700,302200,303200,301500,120500,3642285.0000
20170612,12,302300,300800,302300,300800,193100,5819535.0000
20170612,13,300900,300000,301100,299100,517000,15503016.8400
20170612,14,300000,300000,300100,297500,471426,14079626.1600
20170612,15,300000,300000,300500,299800,135400,4063018.0000
20170612,16,300000,300700,300900,299900,93400,2807183.0000
20170612,17,300700,299500,300800,298800,120700,3617092.0000
20170612,18,299900,300700,300700,299500,115400,3465229.0000
20170612,19,300800,302200,302400,300400,161394,4866211.2800
20170612,20,302200,301900,302400,301600,97600,2946435.2400
20170612,21,302000,302300,302900,301700,108400,3275104.0000
20170612,22,302200,301500,302300,300000,126300,3804357.0000
20170612,23,301400,300700,301400,300100,79900,2402930.0000
20170612,24,301000,300000,301300,300000,92300,2773965.0000
20170612,25,300000,300800,300900,299900,47472,1425012.7200
20170612,26,300800,301800,302000,300100,39600,1191728.0000
20170612,27,302000,301800,302600,301700,71800,2168932.0000
20170612,28,301600,301000,301600,300500,54400,1638219.0000
20170612,29,301000,301500,302500,301000,91032,2747384.0800
20170612,30,301400,302900,303000,300900,90950,2746305.0000
20170612,31,303000,304300,304500,302300,191400,5804905.0000
20170612,32,304300,303700,304500,303300,178200,5420169.4600
20170612,33,303700,304500,305400,303700,139354,4243877.2200
20170612,34,304500,304000,306500,304000,267850,8178046.2200
20170612,35,304100,302600,304500,302600,130200,3954762.5000
20170612,36,302600,302400,303000,302200,96800,2928090.0000
20170612,37,302500,301100,303300,301100,167100,5055473.0000
20170612,38,301500,301600,302000,300200,130300,3922980.0000
20170612,39,301700,302000,303600,301700,68800,2082992.4800
20170612,40,301900,303900,305000,301200,123500,3750498.0000
20170612,41,303700,303900,305400,303000,218800,6665303.0000
20170612,42,303800,302800,304000,302000,109600,3325184.0000
20170612,43,302800,302800,303800,302200,114500,3467980.9600
20170612,44,302800,300200,303000,300100,198400,5983117.0000
20170612,45,300500,298500,300500,298300,526177,15752453.8700
20170612,46,298500,298800,299900,298200,372738,11143141.9800
20170612,47,298800,297800,299500,297600,554862,16558191.3600
20170612,48,297800,297300,298400,297100,678500,20202009.2000
20170613,1,298900,300300,301000,297400,333600,9980762.5000
20170613,2,300400,300300,300700,299500,278200,8348103.0600
20170613,3,300200,301500,303400,300000,356644,10772618.2000
20170613,4,301500,302900,302900,301000,291500,8801268.0000
20170613,5,302900,304000,305000,301700,463500,14070192.0000
20170613,6,303900,303000,304000,302700,195700,5939475.2000
20170613,7,302800,302700,303700,302100,202400,6133814.1200
20170613,8,302600,302800,303400,302100,267000,8084969.6800
20170613,9,302800,303800,304200,302500,213200,6471649.0600
20170613,10,303900,302600,304200,302600,163500,4962077.7200
20170613,11,302700,302200,302700,302100,150282,4545103.0400
20170613,12,302200,300400,302300,300200,247318,7456261.9600
20170613,13,300400,300900,301400,300200,159900,4806524.0000
20170613,14,300900,300300,301300,300200,136300,4096160.0000
20170613,15,300300,301000,302000,300200,114100,3438159.0000
20170613,16,300800,301500,301500,300400,128300,3860110.0000
20170613,17,301500,301000,301900,300700,75300,2267370.0000
20170613,18,301000,299000,301600,298900,168500,5059199.0000
20170613,19,299100,299700,299900,298900,205800,6160331.0000
20170613,20,299900,301600,301600,299700,111500,3353979.0000
20170613,21,301600,300700,301600,300400,62000,1865928.4800
20170613,22,300900,303200,303600,300800,185634,5616099.7200
20170613,23,303000,302600,303400,302400,140400,4250451.0000
20170613,24,302600,302700,303000,302000,95900,2900805.0000
20170613,25,303000,302700,303500,302700,134900,4088332.0000
20170613,26,302700,302400,302900,302300,68800,2082232.0000
20170613,27,302300,302300,302900,302000,91000,2751542.0000
20170613,28,302200,301600,302400,301500,88200,2662968.2600
20170613,29,301600,302600,302600,301300,100924,3044595.3400
20170613,30,302500,300600,302600,300600,91576,2761215.6600
20170613,31,300600,300900,300900,299900,143300,4304499.0000
20170613,32,300900,300700,300900,300100,132950,3994602.0000
20170613,33,300900,300800,301700,300600,79300,2388791.0000
20170613,34,300800,302200,302900,300800,148469,4478416.9700
20170613,35,302200,301800,302300,301500,79600,2403104.0000
20170613,36,301800,302700,302700,301300,108900,3286684.0000
20170613,37,302700,303000,303400,302500,251544,7622419.8800
20170613,38,302900,302700,303200,302400,174856,5296147.9200
20170613,39,302600,302800,303200,302400,135444,4102735.8800
20170613,40,302700,301900,302800,301600,95400,2882994.0000
20170613,41,302000,302000,302700,301800,127463,3852764.3400
20170613,42,302200,301900,302300,301000,137900,4158061.9300
20170613,43,301500,302600,302800,301500,160400,4848633.0000
20170613,44,302100,301400,302500,301400,149200,4503242.0000
20170613,45,301400,300800,301800,300600,264700,7977215.2400
20170613,46,300800,300800,301100,300000,300200,9021351.1700
20170613,47,300800,301400,301700,300600,334300,10065089.0000
20170613,48,301400,301900,301900,301000,543100,16375515.0000
20170614,1,302800,298900,302800,298600,424900,12756385.4400
20170614,2,298800,302600,303400,298800,240852,7272619.8400
20170614,3,302600,301500,303200,301400,181600,5492940.0000
20170614,4,301700,301800,301800,301300,122982,3708035.3000
20170614,5,302000,302500,302700,301500,198900,6010181.3600
20170614,6,302500,302000,302700,301300,166116,5013251.5600
20170614,7,302000,300000,302500,299900,173632,5233376.4400
20170614,8,299900,298300,300000,298300,412900,12340763.4800
20170614,9,298600,295100,298700,295000,601894,17881583.3000
20170614,10,295000,295500,296500,293900,518554,15289862.1600
20170614,11,295900,296000,296500,294300,320869,9477060.9900
20170614,12,296000,296200,297000,295000,190500,5633064.0000
20170614,13,296100,296600,297400,295700,154500,4580118.0000
20170614,14,296600,297700,297800,295600,156200,4633276.0000
20170614,15,297700,297300,298100,296500,165300,4916148.0000
20170614,16,297100,296300,297400,296100,102600,3045279.0000
20170614,17,296400,295600,296800,295000,216000,6383670.0000
20170614,18,295600,294300,296100,294000,284300,8382818.9100
20170614,19,294100,296300,296800,294100,136500,4029809.0000
20170614,20,296100,295600,296500,295600,160800,4759871.0000
20170614,21,295900,295500,296200,295500,92800,2746627.0000
20170614,22,295500,296300,297000,295400,109300,3238424.0000
20170614,23,296300,295900,296700,295900,71000,2102935.0000
20170614,24,295900,294300,296200,294300,183500,5416927.0000
20170614,25,294400,294000,294800,293900,311400,9161360.9700
20170614,26,294000,292100,294100,290900,535000,15611587.0000
20170614,27,292500,290000,292500,288900,554400,16089064.0000
20170614,28,290000,291000,292000,289800,232700,6776978.0000
20170614,29,291000,291800,292500,290200,143072,4168822.4000
20170614,30,291800,290300,292400,290100,170300,4963374.0000
20170614,31,290300,291600,291900,290000,258944,7535633.1600
20170614,32,291100,291100,291900,290700,205950,5999847.5000
20170614,33,291100,291500,291500,290600,173546,5047688.7200
20170614,34,291500,290300,291800,290300,174300,5071665.0000
20170614,35,290400,291000,291300,290000,230100,6682105.0000
20170614,36,290900,290000,291000,289300,298300,8649626.0000
20170614,37,290000,286600,290500,286600,692300,19984671.0000
20170614,38,286600,288800,288800,286200,486311,13979015.0900
20170614,39,288800,287700,289200,287600,242446,6991160.8000
20170614,40,287700,287100,288000,286200,400400,11490419.0000
20170614,41,287100,289800,291000,286500,315830,9105929.6000
20170614,42,289700,289000,290300,288700,159200,4611404.0000
20170614,43,289100,289000,289900,288800,162100,4688350.0000
20170614,44,289000,287800,289200,287000,289300,8331275.4800
20170614,45,287600,288000,288500,287400,231100,6653360.0000
20170614,46,288100,290000,290100,287600,362959,10465367.5100
20170614,47,290000,288700,290200,288200,377100,10897123.0000
20170614,48,288700,288500,289200,288400,580400,16760072.0000
20170615,1,287000,289600,289900,286000,567082,16334044.3000
20170615,2,289800,290500,291500,289600,465300,13519275.0000
20170615,3,290500,290300,291300,290000,264344,7678215.8400
20170615,4,290100,288600,290600,288500,260700,7550821.0000
20170615,5,288700,289300,290500,288500,207900,6020011.0000
20170615,6,290000,288800,290500,288700,215100,6226937.5600
20170615,7,288800,290700,291000,288700,252311,7318330.8900
20170615,8,290600,290500,291000,290300,191500,5565277.0000
20170615,9,290500,291700,291700,290100,220800,6421321.0000
20170615,10,291700,290600,291900,290500,156900,4568441.0000
20170615,11,290600,291200,291200,290500,94500,2747768.0000
20170615,12,291100,291300,291400,291000,98400,2865220.0000
20170615,13,291300,292000,292500,291300,281107,8210206.1200
20170615,14,292100,292500,292800,291900,213200,6231949.0000
20170615,15,292800,293000,293600,292600,178600,5234578.0000
20170615,16,293000,292200,293000,292100,111300,3255502.0000
20170615,17,292200,292600,292800,291900,107600,3145520.0000
20170615,18,292600,292000,292700,292000,81400,2378581.0000
20170615,19,292100,291800,292300,291300,93000,2713146.0000
20170615,20,291700,291500,292000,291000,122400,3566940.0000
20170615,21,291400,291500,292000,291000,100600,2930312.0000
20170615,22,291500,291600,292300,291200,96300,2810069.0000
20170615,23,291600,291000,291800,290600,151850,4421816.0000
20170615,24,291000,291100,291300,290800,50600,1472900.0000
20170615,25,291000,291300,291600,290900,63700,1855787.0000
20170615,26,291300,291700,291700,291100,85600,2493197.0000
20170615,27,291800,291800,292200,291700,47600,1389493.5100
20170615,28,291700,291300,291800,291000,65948,1921592.8000
20170615,29,291300,291400,291500,291000,59600,1735417.0000
20170615,30,291400,292500,292600,291300,130949,3823526.7800
20170615,31,292500,292300,292500,292000,144351,4220128.7300
20170615,32,292100,292100,292200,291700,126400,3689741.0000
20170615,33,292100,291500,292200,291300,107100,3125307.0000
20170615,34,291600,292000,292000,291300,123100,3590236.0000
20170615,35,291900,292200,292300,291800,133099,3888346.2900
20170615,36,292200,292500,293400,292200,262600,7691909.0000
20170615,37,292600,292200,292900,292200,172000,5032357.0000
20170615,38,292200,291900,292200,291700,101863,2973965.7100
20170615,39,291800,292700,292700,291600,109500,3198412.0000
20170615,40,292700,292200,292800,292200,76800,2246135.5000
20170615,41,292200,291300,292200,291200,122100,3560277.0000
20170615,42,291300,290800,291300,290300,221452,6441292.7000
20170615,43,290800,290000,290800,289000,297950,8640359.5000
20170615,44,290000,290200,290300,289400,182170,5278108.7400
20170615,45,290200,289200,290300,289100,198456,5747350.1800
20170615,46,289200,289000,289500,288200,339574,9806995.0800
20170615,47,289000,289100,289600,288900,313500,9066188.0000
20170615,48,289200,289300,289600,289000,477200,13801011.0000
20170616,1,290100,290000,290500,289100,202247,5861093.1800
20170616,2,290000,289400,290500,288100,210400,6086076.5300
20170616,3,289400,292700,292800,289200,235126,6828123.4500
20170616,4,292700,292800,294000,291900,430352,12605399.5600
20170616,5,292800,292700,293400,291900,188848,5527047.4400
20170616,6,292600,291800,292800,291500,155700,4547769.0000
20170616,7,292000,292700,293000,291800,227378,6648636.8600
20170616,8,293000,293000,293900,292600,347700,10197234.0000
20170616,9,292900,293000,293400,292800,192252,5634881.5600
20170616,10,293000,294400,295400,293000,366003,10770897.4400
20170616,11,294500,294000,294500,293600,144000,4233929.0000
20170616,12,293900,293700,294700,293600,197100,5798640.0000
20170616,13,293700,293100,294000,292700,127400,3738589.0000
20170616,14,293100,293100,293800,293000,100900,2959159.0000
20170616,15,293100,291900,293400,291600,140511,4105819.5400
20170616,16,291800,291400,291900,290500,174989,5095161.2400
20170616,17,291300,291300,291500,290800,114611,3335614.9900
20170616,18,291300,291000,291800,290900,84589,2464272.6800
20170616,19,290900,290500,291200,290000,166263,4829444.7100
20170616,20,290500,290700,290800,290200,81700,2373300.4400
20170616,21,290600,291000,291000,290400,46400,1348420.0000
20170616,22,291200,290500,291600,290400,97500,2836647.0000
20170616,23,290400,290300,290400,289000,186800,5411272.3500
20170616,24,290300,289500,290300,289500,157800,4572257.0000
20170616,25,289500,289900,289900,289100,45000,1302450.0000
20170616,26,289900,289400,289900,289300,47900,1386857.1200
20170616,27,289600,289900,290000,289500,43900,1272421.4800
20170616,28,289800,289400,289900,289300,44600,1291941.0000
20170616,29,289400,289200,289500,289000,100450,2904976.0000
20170616,30,289200,289500,289600,289200,85664,2479635.1600
20170616,31,289500,290000,290100,289400,39602,1147036.0000
20170616,32,290300,290100,290700,290100,42800,1242332.0000
20170616,33,290300,289800,290400,289600,37300,1081554.9200
20170616,34,289900,289600,290000,289400,64700,1873505.0000
20170616,35,289600,289200,289900,289200,87436,2531596.8400
20170616,36,289100,289400,289400,287700,199840,5762251.0000
20170616,37,289400,289400,289400,289000,83259,2407590.1000
20170616,38,289400,289700,289700,289000,57200,1655663.0000
20170616,39,289800,290500,290700,289700,88500,2568860.0000
20170616,40,290400,289100,290500,289000,75000,2173873.0000
20170616,41,289200,289600,289900,288800,99094,2865891.0200
20170616,42,289400,289400,290200,289400,63200,1831615.0000
20170616,43,289500,289400,290000,289300,61900,1793192.0000
20170616,44,289400,288600,289400,288500,166042,4799213.6400
20170616,45,288600,288700,289400,288600,200560,5795012.2000
20170616,46,288800,289100,289200,288400,160850,4644838.6000
20170616,47,289200,288800,289500,288800,175400,5071425.0000
20170616,48,288800,289200,289300,288800,283400,8190114.0000
20170619,1,287700,288000,289500,285100,221700,6380050.0000
20170619,2,287900,287000,288000,285000,350102,10019069.1600
20170619,3,287000,286600,287400,286000,241200,6912995.0000
20170619,4,286600,286900,287300,286400,162900,4673418.0000
20170619,5,286800,282900,286900,282700,568600,16201899.7400
20170619,6,282800,281300,283800,281100,494500,13983380.0000
20170619,7,281200,281900,282700,281200,355700,10032020.0000
20170619,8,282000,282400,283400,281900,220126,6222445.7200
20170619,9,282400,283900,284200,282200,128226,3629749.0600
20170619,10,283500,284300,284500,282900,124900,3543815.4800
20170619,11,284200,283600,284300,283200,121700,3451421.9600
20170619,12,283600,283000,283600,282200,128300,3627441.0000
20170619,13,283100,282300,283100,282100,174774,4936167.2000
20170619,14,282300,282200,282900,282100,150900,4259752.0000
20170619,15,282100,282600,282700,281500,191100,5386855.0000
20170619,16,282500,282900,283300,282500,77800,2200914.0000
20170619,17,282900,282700,283000,282400,48504,1371005.0800
20170619,18,282900,283200,283400,282700,58400,1653203.0000
20170619,19,283200,282300,283300,282300,44100,1247166.0000
20170619,20,282300,282900,282900,282200,82352,2326137.4400
20170619,21,282900,282700,283200,282600,55200,1561507.0000
20170619,22,282800,283100,283300,282800,42600,1205886.0000
20170619,23,283300,284000,284000,283100,58644,1662799.8400
20170619,24,284000,284100,284600,284000,52200,1483910.0000
20170619,25,284100,284500,284700,284000,60300,1715085.0000
20170619,26,284600,284000,284600,284000,71100,2021798.0000
20170619,27,284000,284600,284900,284000,100744,2866138.6000
20170619,28,284800,284000,284800,284000,38956,1107933.4000
20170619,29,283900,284200,284300,283800,53098,1508151.1800
20170619,30,284200,286000,287000,284200,143100,4092540.0000
20170619,31,286000,285800,286400,285800,67900,1942645.0000
20170619,32,285800,285600,285800,285200,25500,727998.0000
20170619,33,285600,285800,285900,285500,66300,1894671.0000
20170619,34,285700,284700,285800,284600,68800,1960694.0000
20170619,35,284700,284500,285000,284300,47872,1362505.4000
20170619,36,284500,284700,285300,284500,59300,1689181.0000
20170619,37,284700,284000,284800,284000,71628,2037015.6000
20170619,38,283900,284000,284400,283000,155572,4408409.6000
20170619,39,284000,284300,284600,283800,37900,1077406.0000
20170619,40,284300,283700,284600,283600,45200,1284196.0000
20170619,41,283700,283300,283700,283100,88222,2498905.8200
20170619,42,283300,282900,283500,282800,132700,3756932.0000
20170619,43,282800,284100,284100,282600,135550,3833827.5000
20170619,44,284100,283800,284200,283600,98800,2804700.0000
20170619,45,283800,283400,283900,283100,85000,2409542.0000
20170619,46,283200,283900,284000,283100,147100,4169733.0000
20170619,47,284000,284700,284800,283500,162900,4625914.0000
20170619,48,284700,285000,285000,284300,298300,8491437.0000
20170620,1,286000,285900,286300,285300,212100,6063113.0000
20170620,2,285900,286100,287200,285800,138100,3959105.0000
20170620,3,286200,285900,286400,285800,148800,4257981.0000
20170620,4,286100,287200,287700,285900,162400,4659062.0000
20170620,5,287200,288800,289200,287100,296700,8553601.4200
20170620,6,288700,288200,288800,287300,157800,4546120.0000
20170620,7,288100,288200,288800,288000,148300,4277879.0000
20170620,8,288200,288000,288300,287600,93800,2700907.0000
20170620,9,288100,287700,288300,287500,91100,2622614.0000
20170620,10,287700,287700,287800,287300,72400,2081103.0000
20170620,11,287800,287500,288100,287400,52200,1502037.0000
20170620,12,287400,287200,287600,287200,92300,2652324.0000
20170620,13,287100,286600,287200,286300,128900,3695974.0000
20170620,14,286600,286700,286800,286200,92900,2661061.0000
20170620,15,286500,286800,287000,286400,51200,1468137.0000
20170620,16,286900,286800,286900,286600,44200,1267484.0000
20170620,17,286700,286400,286700,286300,52400,1501239.0000
20170620,18,286400,286600,286700,286300,40900,1171789.0000
20170620,19,286600,286400,286800,286300,55400,1587180.0000
20170620,20,286300,285300,286400,285300,121300,3468836.0000
20170620,21,285400,286000,286400,285100,118750,3390190.0000
20170620,22,286000,285500,286000,285400,60450,1726443.0000
20170620,23,285500,285600,285700,285300,65900,1881396.0000
20170620,24,285700,285800,286000,285700,18600,531636.0000
20170620,25,285900,285500,286400,285500,57000,1629449.0000
20170620,26,285500,285700,286100,285500,23300,665987.0000
20170620,27,285800,286300,286500,285800,34700,993361.0000
20170620,28,286300,286100,286300,285800,56500,1616087.0000
20170620,29,285900,285500,286200,285500,53600,1532246.4800
20170620,30,285500,287000,287900,285400,154350,4425898.5000
20170620,31,287000,288100,288900,287000,257800,7429111.3400
20170620,32,288100,287900,288500,287500,180700,5205761.0000
20170620,33,288000,287800,288000,287300,90400,2600857.0000
20170620,34,287800,288200,288200,287600,102800,2958929.0000
20170620,35,288200,289300,289500,288100,382122,11046201.7000
20170620,36,289200,288400,289300,288400,226800,6553072.0400
20170620,37,288400,289000,289000,287800,176400,5089217.0000
20170620,38,289000,288000,289100,288000,148300,4281202.7600
20170620,39,288000,287800,288000,286900,126852,3647725.0000
20170620,40,287700,287800,287900,287500,64300,1849330.0000
20170620,41,287600,286300,287600,286300,117400,3371410.0000
20170620,42,286300,286800,287000,285700,134600,3851570.4400
20170620,43,286800,286000,287000,285800,150700,4312973.8900
20170620,44,285800,286200,286700,285800,122911,3518012.6000
20170620,45,286200,285700,286200,285500,194000,5545635.0000
20170620,46,285500,284900,285600,284300,237652,6774926.4000
20170620,47,284900,286200,286500,284900,208600,5958989.0000
20170620,48,286100,285900,286200,285500,216900,6200255.0000
20170621,1,285900,285000,287600,284700,233200,6665080.0000
20170621,2,285000,282400,285000,282000,299400,8480351.0000
20170621,3,282500,283600,283600,282400,361400,10216693.0000
20170621,4,283600,283900,284100,282800,139200,3949268.0000
20170621,5,283900,285500,285900,283600,100900,2873762.0000
20170621,6,285000,286100,286400,284800,82400,2354233.0000
20170621,7,286000,286100,286300,285700,114700,3281253.5200
20170621,8,286000,285800,286000,285100,79900,2282408.0000
20170621,9,285800,285700,286200,285300,90400,2584078.2400
20170621,10,285600,284700,285700,284600,100800,2874038.0000
20170621,11,284700,285100,285300,284000,97352,2769949.3600
20170621,12,285000,285200,285300,284500,56400,1606165.0000
20170621,13,285000,284800,286000,284800,82800,2363636.0400
20170621,14,285100,284900,285100,284500,44600,1270172.0000
20170621,15,285000,284800,285600,284700,31100,886657.0800
20170621,16,284900,284400,285000,284400,52500,1493804.0000
20170621,17,284400,283900,284400,283100,95248,2702627.1200
20170621,18,283900,283200,284000,283200,70700,2005330.4800
20170621,19,283200,283500,284200,283000,86652,2456080.6400
20170621,20,283800,284000,284300,283600,30300,860667.4800
20170621,21,283800,284200,284500,283700,36452,1035661.2800
20170621,22,284300,283800,284300,283700,46648,1324447.7200
20170621,23,283800,284700,285000,283800,52152,1482612.2800
20170621,24,284800,284700,284800,284400,35100,999240.0000
20170621,25,284900,284200,284900,284200,36400,1035781.0000
20170621,26,284000,283500,284000,283500,46600,1321845.0000
20170621,27,283600,283300,283800,283200,92900,2632698.0000
20170621,28,283300,284500,284700,283000,63500,1799529.0000
20170621,29,283900,284400,284500,283600,44400,1261669.0000
20170621,30,284400,283600,284400,283600,50348,1429054.2800
20170621,31,283500,284300,284300,283200,69252,1964127.6400
20170621,32,284300,285500,286000,283900,146700,4183687.0000
20170621,33,285500,286100,286400,285200,144300,4124535.0000
20170621,34,286100,284900,286300,284900,98700,2821070.0000
20170621,35,284800,284600,285000,284600,49000,1395298.0000
20170621,36,284600,286300,286500,284600,152648,4365386.8800
20170621,37,286300,286500,286500,285400,100352,2871859.2400
20170621,38,286400,286100,286400,285500,120048,3435265.7600
20170621,39,286000,285900,286100,285800,72700,2079289.0000
20170621,40,285900,286400,286600,285800,112752,3226835.1600
20170621,41,286500,286300,286700,286000,104100,2980888.0000
20170621,42,286200,286500,286500,285900,82072,2348093.9200
20170621,43,286400,286500,286800,286100,141400,4050766.5200
20170621,44,286600,285400,286600,285400,122076,3490629.5200
20170621,45,285400,286200,286500,285300,189035,5408695.1000
20170621,46,286200,286200,286400,285600,119500,3418419.0000
20170621,47,286300,287600,287600,286200,284352,8154795.3600
20170621,48,287700,288000,288000,287500,537700,15475446.0000
20170622,1,287500,289000,289000,286400,194300,5586761.0000
20170622,2,288900,288800,289600,288300,282548,8166335.7600
20170622,3,288800,288200,289300,288000,242800,7013395.4800
20170622,4,288100,287100,288300,287000,140000,4027043.0000
20170622,5,287000,286600,287400,286000,184400,5287556.0000
20170622,6,286800,286600,287100,286300,137000,3927030.0000
20170622,7,286600,287100,287500,286000,122104,3499375.2000
20170622,8,287000,286700,287000,286200,85600,2453839.0000
20170622,9,286700,286200,287000,286200,149200,4275965.0000
20170622,10,286100,285800,286300,285800,153300,4384290.0000
20170622,11,285800,286000,286000,284600,168300,4800497.0000
20170622,12,286000,285600,286300,285200,42300,1208460.0000
20170622,13,285600,285200,285900,285100,78900,2252022.0000
20170622,14,285200,284400,285800,284200,156400,4454855.0000
20170622,15,284500,284400,284700,284200,139700,3972573.0000
20170622,16,284400,284300,284600,284100,139900,3977303.0000
20170622,17,284500,284800,285000,284200,89900,2557335.0000
20170622,18,284700,285300,286400,284500,87500,2496529.4400
20170622,19,285300,285100,285700,284900,36800,1049415.0000
20170622,20,285100,285000,285300,284500,85400,2432509.0000
20170622,21,285000,284500,285600,284500,65100,1854376.0000
20170622,22,284500,284400,284500,284000,124000,3523810.0000
20170622,23,284300,283100,284600,283000,209000,5925088.0000
20170622,24,283300,283300,283900,283100,107400,3043558.0000
20170622,25,283300,283300,283600,283300,96300,2729294.0000
20170622,26,283400,283000,283400,282600,175149,4956462.7400
20170622,27,283200,283600,283900,283000,28463,806496.0500
20170622,28,283600,284300,284300,283200,57550,1631798.5000
20170622,29,284200,283800,284500,283700,42300,1201401.0000
20170622,30,283800,283700,284300,283700,46800,1329562.0000
20170622,31,283700,283300,283900,283200,48600,1378397.0000
20170622,32,283200,283100,283300,282900,97711,2765490.3000
20170622,33,283100,283800,283900,283000,42000,1189464.0000
20170622,34,283700,283200,283700,283100,44200,1251990.0000
20170622,35,283200,282100,283300,282100,175640,4968718.9600
20170622,36,282100,282400,282800,281700,245201,6917831.0800
20170622,37,282500,282500,283000,282400,148800,4205196.0000
20170622,38,282500,281900,282600,281600,142538,4018923.2500
20170622,39,281900,282000,282700,281900,74900,2113125.0200
20170622,40,282100,281900,282300,281900,100300,2829294.0000
20170622,41,282000,281100,282100,281100,165161,4652227.7600
20170622,42,281200,280000,281200,278500,491100,13744464.2400
20170622,43,280000,279000,280200,279000,263800,7372641.0000
20170622,44,278900,276200,279000,275000,595949,16478339.2000
20170622,45,276200,277400,278900,276000,289596,8040976.2800
20170622,46,277400,274000,277400,274000,477000,13146317.5000
20170622,47,274100,274300,275000,272700,621939,17032304.5500
20170622,48,274400,272900,274500,272700,590161,16138890.7500
20170626,1,271300,271100,271600,270000,134300,3638148.0000
20170626,2,271100,270100,271300,270000,125000,3381563.0000
20170626,3,270100,268800,270200,268700,171252,4611387.2400
20170626,4,268900,270000,270100,268700,88100,2373571.0000
20170626,5,270000,270100,270700,270000,78100,2110533.0000
20170626,6,270000,270000,270100,269600,95500,2577176.0000
20170626,7,270000,268400,270000,268100,107700,2898879.0000
20170626,8,268200,268700,269100,268100,85000,2282339.0000
20170626,9,268700,269200,269200,268000,140800,3780168.0000
20170626,10,269200,269600,269900,268900,40600,1094695.0000
20170626,11,269600,270200,270400,269500,74100,2001288.0000
20170626,12,270200,270000,270300,269300,43200,1165869.0000
20170626,13,270000,270200,270200,269600,58563,1580599.5600
20170626,14,270200,270300,270600,270200,37800,1022231.0000
20170626,15,270300,270100,270300,270000,24900,672611.0000
20170626,16,270100,270900,270900,269700,72000,1945886.0000
20170626,17,271000,270700,271300,270500,58300,1579345.0000
20170626,18,270800,271100,271400,270700,49300,1335982.0000
20170626,19,271100,272200,272400,271000,78252,2124828.7200
20170626,20,272200,271700,272300,271600,42100,1144711.0000
20170626,21,271800,271000,271900,271000,69800,1895692.0000
20170626,22,271000,270400,271500,270100,51700,1399676.0000
20170626,23,270900,271200,271400,270700,54800,1485294.0000
20170626,24,271200,271500,271500,270900,28000,759219.0000
20170626,25,271500,271200,271800,271100,44500,1207882.0000
20170626,26,271200,271300,271300,271000,25500,691412.0000
20170626,27,271300,272000,272000,271100,44400,1205576.0000
20170626,28,272000,271800,272200,271600,59100,1607246.0000
20170626,29,271700,274000,274900,271700,278200,7611783.0000
20170626,30,274000,276800,278300,273900,896050,24798790.8000
20170626,31,276800,276100,278200,276100,241650,6702611.5000
20170626,32,276100,277400,277400,276100,145700,4027046.0000
20170626,33,277400,276600,277700,276100,116900,3236946.0000
20170626,34,276600,276200,276600,275500,89000,2457420.0000
20170626,35,276200,276100,276400,276000,58000,1602062.0000
20170626,36,276200,275900,276400,275900,56800,1568361.0000
20170626,37,275800,274200,275800,274000,110500,3040528.0000
20170626,38,274000,274600,274600,273900,97091,2661416.4900
20170626,39,274800,274200,274800,274100,45900,1259824.0000
20170626,40,274300,274700,274800,274200,43500,1193984.0000
20170626,41,274800,274900,274900,274300,45200,1241135.0000
20170626,42,275000,275300,275600,274900,49100,1351276.0000
20170626,43,275300,275500,276000,275100,111100,3063183.0000
20170626,44,275500,275100,276500,275100,211200,5830918.0000
20170626,45,275400,276000,276100,275000,131200,3614362.0000
20170626,46,275600,275700,276100,275600,117900,3252347.0000
20170626,47,275600,275400,276200,275200,132152,3641295.5600
20170626,48,275500,275600,275800,275200,268848,7407088.3800
20170627,1,273900,275800,275800,273800,158500,4349676.0000
20170627,2,275800,275200,276900,275100,108600,2995736.0000
20170627,3,275200,274400,275300,274000,186857,5129344.2200
20170627,4,274400,275600,276000,274400,105800,2914668.0000
20170627,5,275700,276100,276100,275000,122800,3384087.0000
20170627,6,276100,275800,276800,275200,152000,4200353.0000
20170627,7,275800,277000,277200,275400,118900,3289131.0000
20170627,8,277000,277000,277200,276000,107800,2983261.0000
20170627,9,277000,276800,277000,276500,105200,2912137.0000
20170627,10,276800,276100,276800,276100,68500,1892745.0000
20170627,11,276100,275900,276100,275600,65000,1792523.0000
20170627,12,275900,275600,276500,275500,80100,2210014.0000
20170627,13,275700,274600,275700,274200,132000,3628661.0000
20170627,14,274600,275500,275500,274100,130201,3574393.5000
20170627,15,275200,276200,276200,274700,37000,1018432.0000
20170627,16,276400,276000,276400,275800,50200,1386037.0000
20170627,17,276000,275600,276100,275600,45200,1247110.0000
20170627,18,275500,275700,276100,275500,48804,1346382.3200
20170627,19,275700,275200,275800,275200,24700,680536.0000
20170627,20,275200,274900,275300,274800,23000,632402.0000
20170627,21,274900,275000,275000,274800,35752,982847.9600
20170627,22,275000,275200,275200,274900,12500,343851.0000
20170627,23,275200,274800,275400,274800,22700,624310.0000
20170627,24,274900,274300,274900,274200,84600,2321336.8800
20170627,25,274500,274200,274500,274100,73700,2021155.4800
20170627,26,274300,273500,274400,273300,109148,2990770.6800
20170627,27,273300,271700,273300,270100,165200,4489139.0000
20170627,28,271800,272200,272500,270700,133150,3611412.5000
20170627,29,272200,272200,272200,271600,43952,1195274.8400
20170627,30,272200,271900,273000,271700,88500,2410541.0000
20170627,31,272000,272300,272600,272000,60490,1646989.9000
20170627,32,272500,272200,272900,272100,43500,1185520.0000
20170627,33,272200,272600,272600,271900,44600,1213459.0000
20170627,34,272500,272500,272700,272200,50500,1375724.0000
20170627,35,272700,272500,273100,272400,47900,1306101.0000
20170627,36,272500,273200,273300,272500,61800,1685291.5000
20170627,37,273200,272900,273400,272800,40400,1103192.0000
20170627,38,272900,272500,273100,272500,75300,2053639.0000
20170627,39,272500,271600,272600,271500,73858,2009198.9400
20170627,40,271500,272400,272500,271500,42542,1157296.2600
20170627,41,272300,272600,272700,272100,41000,1116604.0000
20170627,42,272600,273300,273500,272600,48300,1319489.0000
20170627,43,273500,273300,274300,273000,47100,1289511.0000
20170627,44,273300,273300,273900,273300,62700,1715613.0000
20170627,45,273300,273000,273300,272700,69250,1890713.0000
20170627,46,273000,272600,273100,272100,128700,3506929.5000
20170627,47,272600,271700,272600,271300,191002,5192995.7200
20170627,48,271800,271900,272200,271800,175800,4781678.0000
20170628,1,270300,270800,271300,270100,204401,5528213.0300
20170628,2,270800,269700,270900,268800,172500,4650395.8900
20170628,3,269800,268100,269800,267300,241800,6494651.0000
20170628,4,268100,267500,268300,267000,242900,6497078.0000
20170628,5,267500,268000,268300,267500,91100,2440868.0000
20170628,6,268000,266900,268200,266500,120000,3209246.0000
20170628,7,266600,266300,267200,266000,177700,4734810.0000
20170628,8,266400,266500,266900,266300,126046,3359810.9000
20170628,9,266600,265200,266700,265000,243283,6462184.1800
20170628,10,265500,265900,266000,265500,106100,2820359.0000
20170628,11,265800,265200,266000,265000,163400,4334431.4200
20170628,12,265100,265800,266000,264600,114900,3049575.0000
20170628,13,265900,266400,266500,265800,69817,1858597.7100
20170628,14,266400,266500,267200,266400,41100,1096632.0000
20170628,15,266400,266500,266900,266300,28400,756933.0000
20170628,16,266300,266000,266900,266000,82100,2185622.4900
20170628,17,266000,266200,266200,265600,46100,1225734.6600
20170628,18,266000,266200,266200,265800,25852,687812.9900
20170628,19,266200,267000,267000,266200,44900,1197723.0000
20170628,20,267000,266500,267000,266300,39800,1061081.0000
20170628,21,266600,268200,268400,266600,83200,2227220.0000
20170628,22,267300,268000,268000,267300,26600,712551.0000
20170628,23,267900,267800,267900,267600,20500,548910.0000
20170628,24,267800,267800,268100,267800,42800,1146907.0000
20170628,25,267700,267900,268100,267700,21400,573145.0000
20170628,26,267800,267500,267900,267500,24800,663923.0000
20170628,27,267500,267300,267500,267000,18600,497060.0000
20170628,28,267400,266700,267500,266600,31700,846355.0000
20170628,29,266700,266200,266700,266100,62600,1666882.0000
20170628,30,266300,266600,267000,266300,22300,594435.0000
20170628,31,266500,265700,266500,265200,111731,2969824.9800
20170628,32,265700,266000,266600,265500,32169,855218.0200
20170628,33,266200,266000,266200,266000,28100,747641.0000
20170628,34,265900,266000,266100,265100,80604,2140305.1200
20170628,35,266000,266200,266800,265900,31900,850178.0000
20170628,36,266200,266500,266500,266000,28400,755856.0000
20170628,37,266200,266800,266800,266200,28152,750318.2400
20170628,38,266700,267200,268100,266600,47946,1282793.1000
20170628,39,267200,266600,267200,266500,23106,616408.1800
20170628,40,267000,266200,267000,266200,16200,431723.0000
20170628,41,266200,265400,266400,265100,144296,3830773.7600
20170628,42,265300,265500,265900,265000,185604,4922237.0000
20170628,43,265500,265400,265900,264700,172700,4578141.8800
20170628,44,265500,265500,266000,265500,57300,1522317.0000
20170628,45,265500,265000,265600,264900,142000,3764535.8600
20170628,46,265000,264500,265000,264200,208700,5521807.0000
20170628,47,264500,264700,264900,264500,130900,3464975.0000
20170628,48,264600,264400,264700,264300,336000,8887075.8600
20170629,1,266500,267100,267800,265800,164200,4382986.0000
20170629,2,267100,267300,267400,266500,70294,1876763.1600
20170629,3,267300,267400,267400,266300,119000,3176409.7600
20170629,4,267400,268000,268200,267300,136300,3651003.0000
20170629,5,268100,268600,269600,268000,190000,5109290.0000
20170629,6,268300,268500,269000,268200,65900,1769770.0000
20170629,7,268700,268300,268800,268100,75900,2038009.0000
20170629,8,268300,268200,268700,268200,75600,2028437.0000
20170629,9,268200,267500,268200,267200,68057,1821001.0400
20170629,10,267500,266600,267500,266600,78743,2104825.9600
20170629,11,266700,267000,267100,266700,39300,1049162.5400
20170629,12,266900,267100,267200,266900,51839,1383942.2700
20170629,13,267000,267400,267600,267000,26800,716236.0000
20170629,14,267400,266700,267400,266700,30061,802432.0900
20170629,15,266700,266400,266700,266300,22100,588902.0000
20170629,16,266300,266500,266600,266300,34800,927146.0000
20170629,17,266500,266700,266800,266400,19200,511760.0000
20170629,18,266800,266700,266800,266600,8100,215995.0000
20170629,19,266600,266800,266900,266500,37774,1007738.8400
20170629,20,266800,267100,267200,266800,73039,1950383.9100
20170629,21,267000,267000,267200,267000,13461,359501.7000
20170629,22,267000,266800,267000,266500,36034,961075.6000
20170629,23,266800,267300,267500,266800,49339,1318299.3000
20170629,24,267200,268000,268200,267000,74600,1995973.0000
20170629,25,268000,267600,268200,267600,36600,980530.0000
20170629,26,267500,267100,267800,267100,23200,620409.0000
20170629,27,267000,266700,267100,266300,48400,1291284.0000
20170629,28,266700,267500,267500,266300,44700,1192604.0000
20170629,29,267300,267200,267500,267000,39752,1062989.9200
20170629,30,267400,267200,267500,267200,25250,675142.0000
20170629,31,267400,267300,267500,267200,81600,2182313.0000
20170629,32,267500,267100,267500,266900,60452,1615026.4000
20170629,33,267200,267300,267600,267100,101300,2708568.0000
20170629,34,267300,267500,267500,267000,61900,1653656.9200
20170629,35,267400,267300,267500,267100,35752,956033.4800
20170629,36,267300,267100,267400,267000,57200,1528176.0000
20170629,37,267100,267200,267400,267000,23500,627889.0000
20170629,38,267200,267100,267400,266900,84350,2252611.4600
20170629,39,267100,266700,267200,266700,49246,1314777.7400
20170629,40,266700,266700,266800,266600,30300,808074.0000
20170629,41,266700,266700,266700,266300,39064,1041236.3200
20170629,42,266700,266400,266700,266300,45200,1204348.0000
20170629,43,266500,266900,267000,266500,40600,1083316.0000
20170629,44,266800,267000,267300,266600,95650,2552858.0000
20170629,45,266700,266600,267200,266400,64800,1728499.0000
20170629,46,266600,265600,266600,265600,95486,2540267.6800
20170629,47,265600,265200,266000,265200,144200,3830695.7200
20170629,48,265300,265600,265800,265200,198400,5265746.0000
20170630,1,265000,265400,265400,264000,139650,3696780.0000
20170630,2,265400,265600,266300,264800,69400,1842244.0000
20170630,3,265600,265800,265800,265400,61200,1625482.0000
20170630,4,265800,266800,267200,265800,115700,3086299.0000
20170630,5,266600,266300,267300,266200,99500,2656160.0000
20170630,6,266300,266800,267000,266200,63500,1692561.0000
20170630,7,266800,267400,268300,266800,121650,3255948.5000
20170630,8,267400,267000,267800,266900,49400,1320512.0000
20170630,9,266900,267400,267500,266800,51200,1367503.0000
20170630,10,267400,267600,267800,267100,63200,1690896.0000
20170630,11,267700,267300,267800,267000,80300,2147754.0000
20170630,12,267200,267000,267200,266800,63900,1705406.0000
20170630,13,266900,267000,267300,266900,33100,884014.0000
20170630,14,267000,267000,267000,266500,105508,2813933.2800
20170630,15,267000,267100,267200,267000,31600,843967.0000
20170630,16,267100,266900,267200,266700,43800,1169321.9200
20170630,17,266900,266900,266900,266500,21000,560029.0000
20170630,18,266700,266700,266900,266600,70200,1872223.0000
20170630,19,266600,267200,267200,266600,43456,1159754.6400
20170630,20,267000,267100,267200,267000,21100,563437.0000
20170630,21,267100,267200,267300,266900,28100,750604.0000
20170630,22,267100,267700,267700,267100,99400,2656766.0000
20170630,23,267700,267300,268100,267300,95000,2544661.0000
20170630,24,267800,269800,269900,267600,284100,7637305.0000
20170630,25,269700,269800,270400,269500,207250,5593393.0000
20170630,26,269900,269300,269900,269000,51650,1391094.0000
20170630,27,269200,269500,269500,269100,46100,1241601.0000
20170630,28,269400,269700,269900,269400,115400,3112878.0000
20170630,29,269600,269400,269800,269400,57600,1552764.0000
20170630,30,269400,269200,269500,269200,31600,851196.0000
20170630,31,269200,269700,269800,269200,61852,1666599.3600
20170630,32,269600,269400,269700,268800,82900,2231999.0000
20170630,33,269400,269200,269500,269200,35800,964418.0000
20170630,34,269200,268800,269200,268800,34400,925571.0000
20170630,35,268800,269500,269600,268700,64200,1729036.0000
20170630,36,269500,269200,269600,269200,57500,1549237.0000
20170630,37,269200,269200,269500,269200,42900,1155183.0000
20170630,38,269200,268900,269300,268700,52700,1417665.0000
20170630,39,268900,268600,269000,268500,56400,1515667.0000
20170630,40,268500,268900,269000,268100,41094,1102797.1400
20170630,41,268600,268600,269300,268600,46600,1253950.0000
20170630,42,268800,268600,268900,268500,42400,1139229.0000
20170630,43,268600,268300,268600,268200,85900,2305019.0000
20170630,44,268300,268500,268500,268100,55400,1485962.0000
20170630,45,268500,268600,269200,268500,72400,1947150.0000
20170630,46,268600,268300,268800,268200,117000,3141024.0000
20170630,47,268200,268100,268200,267400,219352,5875355.4800
20170630,48,268200,268100,268200,267600,220600,5912433.0000
